266
6.043609619140625000e+02 2.330022430419921875e+02 5.618442993164062500e+02 2.378563385009765625e+02 6.418568115234375000e+02 2.403912506103515625e+02 5.993223876953125000e+02 2.436978302001953125e+02
6.106785888671875000e+02 3.143652954101562500e+02 5.656536865234375000e+02 3.124507446289062500e+02 7.244248657226562500e+02 3.170510864257812500e+02 6.669328613281250000e+02 3.143801269531250000e+02
6.854555053710937500e+02 2.240920715332031250e+02 6.254973754882812500e+02 2.307206878662109375e+02 7.181238403320312500e+02 2.343610229492187500e+02 6.630803833007812500e+02 2.388245086669921875e+02
5.606832885742187500e+02 2.412075958251953125e+02 6.044950561523437500e+02 2.368252410888671875e+02 5.982193603515625000e+02 2.469575500488281250e+02 6.419272460937500000e+02 2.438627929687500000e+02
2.617585449218750000e+02 2.067488555908203125e+02 2.467897491455078125e+02 2.051977386474609375e+02 2.706694335937500000e+02 2.053019256591796875e+02 2.554416961669921875e+02 2.032081146240234375e+02
5.418453979492187500e+02 1.743765106201171875e+02 5.451079711914062500e+02 2.381514434814453125e+02 5.795794067382812500e+02 1.844254150390625000e+02 5.824714355468750000e+02 2.444065093994140625e+02
2.419848480224609375e+02 2.047032012939453125e+02 2.255217590332031250e+02 2.027414703369140625e+02 2.529940032958984375e+02 2.028966369628906250e+02 2.379212646484375000e+02 2.009639282226562500e+02
6.256441040039062500e+02 2.345633087158203125e+02 6.857865600585937500e+02 2.284696197509765625e+02 6.631597290039062500e+02 2.423727569580078125e+02 7.182403564453125000e+02 2.385280151367187500e+02
1.840782012939453125e+02 3.333195877075195312e+01 1.581406555175781250e+02 2.804811668395996094e+01 1.894017639160156250e+02 3.144394302368164062e+01 1.743047332763671875e+02 3.050646781921386719e+01
1.957212524414062500e+02 1.987301940917968750e+02 1.778725891113281250e+02 1.960660400390625000e+02 2.092668304443359375e+02 1.962279968261718750e+02 1.916607055664062500e+02 1.930695037841796875e+02
2.168958740234375000e+02 2.017339019775390625e+02 2.004510650634765625e+02 1.993003845214843750e+02 2.293094940185546875e+02 1.997328948974609375e+02 2.129221343994140625e+02 1.967332611083984375e+02
2.427085723876953125e+02 2.293722839355468750e+02 2.428556365966796875e+02 2.068732452392578125e+02 2.530546264648437500e+02 2.268730010986328125e+02 2.536930084228515625e+02 2.043556671142578125e+02
5.370130615234375000e+02 9.068997192382812500e+01 5.409565429687500000e+02 1.581786651611328125e+02 5.871372680664062500e+02 1.031120376586914062e+02 5.902888793945312500e+02 1.668916168212890625e+02
1.999157562255859375e+02 2.006439971923828125e+02 1.990366821289062500e+02 2.256570434570312500e+02 2.125422515869140625e+02 1.981428527832031250e+02 2.119061889648437500e+02 2.219092864990234375e+02
5.444041137695312500e+02 2.396277313232421875e+02 5.105276489257812500e+02 2.435298919677734375e+02 5.818186645507812500e+02 2.449380340576171875e+02 5.468487548828125000e+02 2.478048400878906250e+02
1.962433471679687500e+02 2.243890075683593750e+02 1.967822418212890625e+02 2.005945892333984375e+02 2.087501983642578125e+02 2.218995208740234375e+02 2.096842651367187500e+02 1.980881042480468750e+02
5.079813537597656250e+02 1.812817382812500000e+02 5.409685668945312500e+02 1.732938537597656250e+02 5.443151855468750000e+02 1.903043518066406250e+02 5.782820434570312500e+02 1.839667358398437500e+02
5.481399536132812500e+02 3.115152587890625000e+02 5.131484985351562500e+02 3.100601196289062500e+02 5.844234008789062500e+02 3.106141662597656250e+02 5.493311767578125000e+02 3.092673034667968750e+02
5.106723022460937500e+02 2.461042327880859375e+02 5.444632568359375000e+02 2.427694549560546875e+02 5.468554077148437500e+02 2.503347015380859375e+02 5.819485473632812500e+02 2.479636383056640625e+02
5.454554443359375000e+02 2.443841400146484375e+02 5.490300292968750000e+02 3.106436157226562500e+02 5.826375122070312500e+02 2.493361816406250000e+02 5.856965942382812500e+02 3.094349670410156250e+02
1.684126129150390625e+02 3.403608703613281250e+02 1.468129425048828125e+02 3.466622619628906250e+02 1.958054809570312500e+02 3.374516601562500000e+02 1.780851135253906250e+02 3.429975585937500000e+02
6.317575073242187500e+02 3.142937316894531250e+02 6.260963745117187500e+02 2.354117584228515625e+02 6.673618774414062500e+02 3.131753234863281250e+02 6.627324218750000000e+02 2.429860076904296875e+02
3.912673950195312500e+02 2.643784484863281250e+02 3.915304260253906250e+02 3.106269531250000000e+02 4.190309753417968750e+02 2.668734130859375000e+02 4.191071777343750000e+02 3.106254577636718750e+02
2.252771453857421875e+02 2.043570251464843750e+02 2.239824829101562500e+02 2.294192962646484375e+02 2.362670288085937500e+02 2.018945770263671875e+02 2.355425109863281250e+02 2.256605987548828125e+02
1.518374633789062500e+02 2.871885108947753906e+01 1.330833892822265625e+02 2.753334999084472656e+01 1.681633911132812500e+02 3.007258987426757812e+01 1.505746002197265625e+02 2.885036849975585938e+01
3.918038940429687500e+02 3.180957641601562500e+02 3.929831542968750000e+02 3.656595153808593750e+02 4.192563781738281250e+02 3.156268615722656250e+02 4.199653930664062500e+02 3.606353759765625000e+02
4.144139404296875000e+02 3.193739013671875000e+02 4.158409729003906250e+02 3.706537780761718750e+02 4.442919006347656250e+02 3.181036987304687500e+02 4.451596374511718750e+02 3.656334838867187500e+02
5.097595520019531250e+02 2.418595123291015625e+02 5.073417053222656250e+02 1.818058776855468750e+02 5.547634887695312500e+02 2.456060638427734375e+02 5.520822753906250000e+02 1.906148986816406250e+02
5.570832519531250000e+02 1.689096221923828125e+02 5.995761108398437500e+02 1.576327209472656250e+02 5.956551513671875000e+02 1.807817687988281250e+02 6.382626953125000000e+02 1.725914611816406250e+02
5.393695678710937500e+02 1.581060791015625000e+02 5.093460083007812500e+02 1.667745819091796875e+02 5.768308105468750000e+02 1.704147338867187500e+02 5.444476318359375000e+02 1.772206573486328125e+02
2.623286437988281250e+02 2.306192626953125000e+02 2.624817504882812500e+02 2.093613586425781250e+02 2.714265441894531250e+02 2.293594665527343750e+02 2.716324462890625000e+02 2.068499145507812500e+02
2.175276947021484375e+02 2.268940582275390625e+02 2.182225341796875000e+02 2.030913543701171875e+02 2.289140625000000000e+02 2.269020080566406250e+02 2.298144378662109375e+02 2.005972595214843750e+02
1.531589202880859375e+02 2.180812263488769531e+01 1.342105712890625000e+02 1.219924449920654297e+01 1.902348632812500000e+02 2.885642623901367188e+01 1.709662780761718750e+02 1.857863807678222656e+01
5.987291870117187500e+02 1.400214843750000000e+02 5.592114257812500000e+02 1.526115264892578125e+02 6.369646606445312500e+02 1.572958984375000000e+02 5.954678344726562500e+02 1.661374969482421875e+02
2.168743133544921875e+02 2.556249847412109375e+02 2.174097290039062500e+02 2.293604125976562500e+02 2.279896240234375000e+02 2.531199035644531250e+02 2.288867187500000000e+02 2.293095092773437500e+02
5.123112182617187500e+02 3.093582458496093750e+02 5.099105834960937500e+02 2.468064727783203125e+02 5.478609008789062500e+02 3.081347656250000000e+02 5.457763061523437500e+02 2.518231201171875000e+02
4.955589599609375000e+02 3.214843444824218750e+02 6.967735595703125000e+02 3.369454956054687500e+02 5.343527832031250000e+02 3.196925048828125000e+02 7.318479614257812500e+02 3.335114746093750000e+02
4.445864257812500000e+02 8.876702117919921875e+01 1.229703903198242188e+02 3.079774475097656250e+01 4.830986633300781250e+02 9.081783294677734375e+01 1.567821121215820312e+01 2.401116943359375000e+01
1.769970092773437500e+02 1.968795928955078125e+02 1.760070343017578125e+02 2.231864166259765625e+02 1.909915313720703125e+02 1.931836090087890625e+02 1.899957580566406250e+02 2.206475067138671875e+02
2.466185913085937500e+02 2.344049224853515625e+02 2.459780273437500000e+02 2.556732788085937500e+02 2.567126464843750000e+02 2.318998870849609375e+02 2.562268066406250000e+02 2.531387634277343750e+02
3.772122802734375000e+02 3.606997070312500000e+02 3.762245483398437500e+02 3.155845031738281250e+02 4.021030578613281250e+02 3.569100036621093750e+02 4.014472656250000000e+02 3.143623352050781250e+02
4.016469421386718750e+02 3.669614868164062500e+02 4.000965270996093750e+02 3.180625000000000000e+02 4.293055419921875000e+02 3.630936279296875000e+02 4.280768432617187500e+02 3.168430786132812500e+02
1.931932210922241211e+00 3.812058639526367188e+01 4.474559936523437500e+02 8.985761260986328125e+01 1.502616500854492188e+01 3.612936782836914062e+01 4.830013427734375000e+02 9.750634765625000000e+01
1.951629180908203125e+02 2.543974914550781250e+02 1.958779296875000000e+02 2.293465423583984375e+02 2.077289886474609375e+02 2.518627624511718750e+02 2.085022430419921875e+02 2.268480224609375000e+02
5.955432739257812500e+02 6.918583679199218750e+01 5.539536132812500000e+02 8.714940643310546875e+01 7.084855957031250000e+02 6.422963714599609375e+01 5.386304321289062500e+02 1.196735076904296875e+02
1.988409576416015625e+02 2.306130371093750000e+02 1.983082580566406250e+02 2.544070892333984375e+02 2.111373748779296875e+02 2.268598022460937500e+02 2.118795928955078125e+02 2.518748626708984375e+02
4.005623168945312500e+02 3.156026000976562500e+02 3.996190795898437500e+02 2.655968322753906250e+02 4.283651733398437500e+02 3.118724670410156250e+02 4.278792419433593750e+02 2.656013183593750000e+02
3.764263305664062500e+02 3.118641357421875000e+02 3.758166198730468750e+02 2.668554687500000000e+02 4.019039916992187500e+02 3.118627319335937500e+02 4.014726257324218750e+02 2.668668823242187500e+02
1.680920104980468750e+02 1.945643920898437500e+02 1.504734039306640625e+02 1.914952697753906250e+02 1.606452178955078125e+02 1.867857360839843750e+02 1.429220428466796875e+02 1.827709808349609375e+02
3.906586608886718750e+02 2.156376495361328125e+02 3.911396484375000000e+02 2.618826599121093750e+02 4.184671936035156250e+02 2.181337738037109375e+02 4.189139099121093750e+02 2.643794555664062500e+02
5.057317504882812500e+02 3.123076171875000000e+02 6.956127929687500000e+02 3.221116027832031250e+02 5.419627075195312500e+02 3.113811340332031250e+02 7.281189575195312500e+02 3.207447509765625000e+02
5.186465835571289062e+01 3.518380432128906250e+02 7.687308502197265625e+01 3.516370849609375000e+02 8.562821960449218750e+01 3.476734008789062500e+02 1.131268234252929688e+02 3.478692626953125000e+02
1.300708923339843750e+02 3.085123825073242188e+01 3.107611083984375000e+02 5.719133377075195312e+01 1.991325225830078125e+02 3.832239913940429688e+01 3.558020019531250000e+02 6.456835937500000000e+01
3.976136169433593750e+02 1.938117027282714844e+01 3.973870239257812500e+02 6.037375330924987793e-01 4.259382324218750000e+02 3.314859390258789062e+01 4.263537597656250000e+02 5.617133140563964844e+00
2.406416015625000000e+02 2.598775939941406250e+02 2.243718719482421875e+02 2.595161132812500000e+02 2.506411437988281250e+02 2.577511901855468750e+02 2.356151885986328125e+02 2.571021728515625000e+02
5.611918945312500000e+02 2.368403778076171875e+02 5.571423950195312500e+02 1.705323333740234375e+02 5.985924072265625000e+02 2.430212707519531250e+02 5.948927612304687500e+02 1.817682342529296875e+02
2.414922790527343750e+02 2.843652954101562500e+02 2.420641479492187500e+02 2.618480529785156250e+02 2.513721466064453125e+02 2.819025573730468750e+02 2.522040252685546875e+02 2.593410339355468750e+02
2.446964721679687500e+02 2.606276550292968750e+02 2.444992370605468750e+02 2.843864135742187500e+02 2.548125915527343750e+02 2.593617248535156250e+02 2.544445648193359375e+02 2.818965454101562500e+02
3.321461181640625000e+02 5.208447265625000000e+01 3.268663635253906250e+02 2.741182899475097656e+01 3.518182373046875000e+02 4.062118530273437500e+01 3.529946899414062500e+02 2.311624336242675781e+01
4.190766601562500000e+02 7.645854949951171875e+01 4.466266479492187500e+02 8.631890106201171875e+01 4.535514526367187500e+02 8.590158081054687500e+01 4.812176208496093750e+02 9.802233123779296875e+01
1.688381500244140625e+02 2.218912658691406250e+02 1.694377136230468750e+02 1.955979309082031250e+02 1.827409362792968750e+02 2.193613433837890625e+02 1.836746520996093750e+02 1.931000976562500000e+02
2.615962524414062500e+02 2.568606262207031250e+02 2.617959289550781250e+02 2.356125183105468750e+02 2.868750000000000000e+02 2.506250000000000000e+02 2.868750000000000000e+02 2.293750000000000000e+02
4.421153869628906250e+02 8.746566772460937500e+01 4.227495727539062500e+02 8.040464019775390625e+01 4.781449890136718750e+02 9.933000946044921875e+01 4.566885070800781250e+02 8.979467773437500000e+01
3.918859252929687500e+02 3.142753295898437500e+02 3.769284667968750000e+02 3.126368713378906250e+02 4.194309387207031250e+02 3.122487182617187500e+02 4.031674194335937500e+02 3.112105407714843750e+02
4.420945129394531250e+02 2.020468521118164062e+01 4.103605651855468750e+02 3.631303071975708008e+00 4.783423461914062500e+02 3.526701736450195312e+01 4.418738098144531250e+02 1.312695884704589844e+01
3.587286987304687500e+02 3.568783264160156250e+02 3.585099792480468750e+02 3.143665771484375000e+02 3.819588012695312500e+02 3.531361694335937500e+02 3.817680969238281250e+02 3.118697204589843750e+02
3.345172119140625000e+02 5.369192504882812500e+01 3.544346923828125000e+02 5.783827209472656250e+01 3.456766052246093750e+02 5.414664840698242188e+01 3.719948730468750000e+02 6.009459304809570312e+01
4.065284729003906250e+02 -1.166653156280517578e+00 4.439556884765625000e+02 1.770653152465820312e+01 4.362705993652343750e+02 7.034995079040527344e+00 4.805458984375000000e+02 3.325856781005859375e+01
3.531510314941406250e+02 3.642799682617187500e+02 4.169105224609375000e+02 3.817453613281250000e+02 3.756312561035156250e+02 3.605969848632812500e+02 4.466830139160156250e+02 3.764835815429687500e+02
2.241571807861328125e+02 2.318693695068359375e+02 2.235422973632812500e+02 2.556680755615234375e+02 2.352899475097656250e+02 2.281462554931640625e+02 2.346513824462890625e+02 2.556314239501953125e+02
1.943955078125000000e+02 2.292377624511718750e+02 1.767296295166015625e+02 2.265977325439453125e+02 2.068574981689453125e+02 2.257581481933593750e+02 1.905604553222656250e+02 2.236161041259765625e+02
9.437802124023437500e+01 3.452945556640625000e+02 7.685660552978515625e+01 3.451341857910156250e+02 1.306256866455078125e+02 3.418446960449218750e+02 1.081089630126953125e+02 3.413392028808593750e+02
4.890966186523437500e+02 9.891174316406250000e+01 6.667226562500000000e+02 1.417589378356933594e+01 5.262851562500000000e+02 1.137126541137695312e+02 7.063923950195312500e+02 4.901119613647460938e+01
4.136200561523437500e+02 2.643886108398437500e+02 4.145224914550781250e+02 3.143948974609375000e+02 4.435754699707031250e+02 2.656199035644531250e+02 4.441129455566406250e+02 3.131420898437500000e+02
5.066256408691406250e+02 1.680880279541015625e+02 5.043623657226562500e+02 1.068292846679687500e+02 5.432560424804687500e+02 1.780729827880859375e+02 5.410900268554687500e+02 1.205604095458984375e+02
2.423350982666015625e+02 2.568602600097656250e+02 2.427778930664062500e+02 2.331185302734375000e+02 2.523183898925781250e+02 2.543947906494140625e+02 2.533256835937500000e+02 2.318281555175781250e+02
4.128551940917968750e+02 2.008625183105468750e+02 3.531010131835937500e+02 2.167850189208984375e+02 4.442275390625000000e+02 2.048732910156250000e+02 3.756640930175781250e+02 2.183242645263671875e+02
3.998260192871093750e+02 2.631184997558593750e+02 3.991061706542968750e+02 2.130928955078125000e+02 4.282164306640625000e+02 2.631055603027343750e+02 4.275456542968750000e+02 2.168471527099609375e+02
1.682369079589843750e+02 2.729015159606933594e+01 2.844101562500000000e+02 4.286274719238281250e+01 1.970391235351562500e+02 2.952708244323730469e+01 3.181976928710937500e+02 4.763872528076171875e+01
3.776089782714843750e+02 4.164929504394531250e+02 5.537709350585937500e+02 4.957182312011718750e+02 4.260786743164062500e+02 4.080151977539062500e+02 6.889298095703125000e+02 4.957093505859375000e+02
3.588942260742187500e+02 3.118908996582031250e+02 3.597976379394531250e+02 2.681595458984375000e+02 3.822321472167968750e+02 3.093695373535156250e+02 3.820917358398437500e+02 2.681199951171875000e+02
4.123898010253906250e+02 2.106422119140625000e+02 4.135608215332031250e+02 2.606440734863281250e+02 4.427045593261718750e+02 2.143821716308593750e+02 4.435156555175781250e+02 2.618896789550781250e+02
4.922109069824218750e+02 1.233326873779296875e+02 4.898839416503906250e+02 9.908622741699218750e+01 5.307747192382812500e+02 1.455377044677734375e+02 5.288234863281250000e+02 1.142534713745117188e+02
1.769066314697265625e+02 2.240614471435546875e+02 1.944799804687500000e+02 2.258344116210937500e+02 1.906882476806640625e+02 2.212858428955078125e+02 2.068857574462890625e+02 2.230248413085937500e+02
2.418406829833984375e+02 2.322967834472656250e+02 2.255965118408203125e+02 2.309751129150390625e+02 2.518960876464843750e+02 2.303981323242187500e+02 2.367941741943359375e+02 2.289947357177734375e+02
5.044824218750000000e+02 1.747724456787109375e+02 6.757221069335937500e+02 1.284842224121093750e+02 5.386860351562500000e+02 1.820832672119140625e+02 7.148839111328125000e+02 1.455815734863281250e+02
2.331482543945312500e+02 3.285228271484375000e+02 2.556444549560546875e+02 3.272076416015625000e+02 2.556210937500000000e+02 3.254608764648437500e+02 2.768887939453125000e+02 3.249549560546875000e+02
3.031086120605468750e+02 7.005914211273193359e+00 3.358775939941406250e+02 1.110647392272949219e+01 3.591808166503906250e+02 1.926506614685058594e+01 3.780228576660156250e+02 2.247458076477050781e+01
6.768920288085937500e+02 1.306861877441406250e+02 5.048445129394531250e+02 1.785622406005859375e+02 7.163802490234375000e+02 1.530772705078125000e+02 5.409212646484375000e+02 1.871505126953125000e+02
5.257583618164062500e+02 2.394375305175781250e+02 5.223934326171875000e+02 1.793459625244140625e+02 5.795241699218750000e+02 2.368565368652343750e+02 5.733129882812500000e+02 1.866969299316406250e+02
2.234486999511718750e+02 2.606088256835937500e+02 2.230336303710937500e+02 2.843952331542968750e+02 2.345379638671875000e+02 2.581290283203125000e+02 2.339509887695312500e+02 2.818953857421875000e+02
3.761981506347656250e+02 2.643453674316406250e+02 3.754667663574218750e+02 2.193572540283203125e+02 4.017257690429687500e+02 2.643634033203125000e+02 4.012785644531250000e+02 2.218681182861328125e+02
4.205996704101562500e+02 8.319403839111328125e+01 4.406511535644531250e+02 9.055374908447265625e+01 4.546954650878906250e+02 9.240444183349609375e+01 4.771928710937500000e+02 1.024102706909179688e+02
2.159222259521484375e+02 2.843835754394531250e+02 2.166083068847656250e+02 2.605812683105468750e+02 2.270070495605468750e+02 2.818797607421875000e+02 2.278655395507812500e+02 2.580705871582031250e+02
6.232582926750183105e-01 2.390478515625000000e+01 1.181244049072265625e+02 2.378581619262695312e+01 7.813130187988281250e+01 2.419792175292968750e+01 1.869214324951171875e+02 2.807043838500976562e+01
5.045504150390625000e+02 1.060227203369140625e+02 5.357883911132812500e+02 9.224539947509765625e+01 5.417421264648437500e+02 1.202472839355468750e+02 5.693436889648437500e+02 1.105360183715820312e+02
7.689664459228515625e+01 3.457895202636718750e+02 5.306575012207031250e+01 3.489246215820312500e+02 1.105446395874023438e+02 3.434554748535156250e+02 8.562512969970703125e+01 3.443784790039062500e+02
3.234507141113281250e+02 3.656249389648437500e+02 3.234486083984375000e+02 3.068750915527343750e+02 3.460679931640625000e+02 3.618979492187500000e+02 3.468314208984375000e+02 3.055905151367187500e+02
2.043892517089843750e+02 3.204531555175781250e+02 2.318042907714843750e+02 3.227273254394531250e+02 2.218908081054687500e+02 3.178263549804687500e+02 2.531854553222656250e+02 3.194831237792968750e+02
4.004631958007812500e+02 6.296383142471313477e-01 4.010001831054687500e+02 1.936424636840820312e+01 4.315137634277343750e+02 8.125463485717773438e+00 4.315394287109375000e+02 2.812543106079101562e+01
2.615270996093750000e+02 2.844050292968750000e+02 2.612892150878906250e+02 2.618547973632812500e+02 2.699389648437500000e+02 2.831212158203125000e+02 2.699656982421875000e+02 2.606212463378906250e+02
3.741542053222656250e+02 1.593746185302734375e+02 3.740759277343750000e+02 2.043766479492187500e+02 4.001413574218750000e+02 1.631323394775390625e+02 3.997226562500000000e+02 2.068902893066406250e+02
3.588032836914062500e+02 2.656177673339843750e+02 3.583495483398437500e+02 2.231092681884765625e+02 3.815558166503906250e+02 2.656276550292968750e+02 3.816735839843750000e+02 2.243779907226562500e+02
1.614112854003906250e+02 4.465641479492187500e+02 4.435247497558593750e+02 3.992589111328125000e+02 2.162451324462890625e+02 4.381889343261718750e+02 4.501128540039062500e+02 4.001629333496093750e+02
1.213685073852539062e+02 2.192827987670898438e+01 1.229026794433593750e+02 5.194923877716064453e-01 1.428235931396484375e+02 2.553913688659667969e+01 1.442068328857421875e+02 5.465102195739746094e-01
3.542804565429687500e+02 1.681158752441406250e+02 3.546063537597656250e+02 2.093731689453125000e+02 3.775915832519531250e+02 1.718732910156250000e+02 3.774677124023437500e+02 2.106268920898437500e+02
5.007472229003906250e+02 1.106203155517578125e+02 5.029976196289062500e+02 1.693319702148437500e+02 5.371892700195312500e+02 1.169114303588867188e+02 5.395739135742187500e+02 1.781659240722656250e+02
4.180883178710937500e+02 3.857558593750000000e+02 4.481763305664062500e+02 3.941919555664062500e+02 4.531123046875000000e+02 3.806817321777343750e+02 4.806342163085937500e+02 3.868337402343750000e+02
3.758836364746093750e+02 4.161017150878906250e+02 2.258790283203125000e+02 4.385708923339843750e+02 4.270750427246093750e+02 4.082128906250000000e+02 2.372082366943359375e+02 4.366035766601562500e+02
3.155122070312500000e+02 3.231240844726562500e+02 3.155028381347656250e+02 3.631252746582031250e+02 3.386378784179687500e+02 3.206176147460937500e+02 3.385494079589843750e+02 3.593788146972656250e+02
3.763200073242187500e+02 1.936799049377441406e+01 3.765567932128906250e+02 6.209809184074401855e-01 4.102218627929687500e+02 4.191300964355468750e+01 4.096460571289062500e+02 1.686876869201660156e+01
6.013015747070312500e+02 1.447820892333984375e+02 5.530883789062500000e+02 1.579912872314453125e+02 6.394621582031250000e+02 1.610503234863281250e+02 5.919093627929687500e+02 1.707925720214843750e+02
3.684352722167968750e+02 2.206339263916015625e+02 3.688626708984375000e+02 2.656298522949218750e+02 3.793750000000000000e+02 2.268750000000000000e+02 3.793750000000000000e+02 2.656250000000000000e+02
3.970408020019531250e+02 1.493746948242187500e+02 3.971297607421875000e+02 1.981222534179687500e+02 4.256212768554687500e+02 1.556249847412109375e+02 4.253806457519531250e+02 2.006303710937500000e+02
7.571481323242187500e+01 3.301904602050781250e+02 1.769582366943359375e+02 3.274478759765625000e+02 1.057110290527343750e+02 3.265105285644531250e+02 2.019306640625000000e+02 3.240655517578125000e+02
5.764379272460937500e+02 4.954197387695312500e+02 3.860821533203125000e+02 4.157822875976562500e+02 7.168492431640625000e+02 4.981617126464843750e+02 4.284358520507812500e+02 4.009921875000000000e+02
4.447775878906250000e+02 1.064359054565429688e+02 4.185742492675781250e+02 1.389734954833984375e+02 4.784623107910156250e+02 1.195820159912109375e+02 4.521293029785156250e+02 1.444187011718750000e+02
6.956148071289062500e+02 3.320267333984375000e+02 5.005706481933593750e+02 3.189347839355468750e+02 7.295291137695312500e+02 3.373471069335937500e+02 5.355693359375000000e+02 3.226072082519531250e+02
1.164336442947387695e+00 3.931639099121093750e+02 6.220499992370605469e+00 3.230777893066406250e+02 5.177874755859375000e+01 3.894602050781250000e+02 5.686844635009765625e+01 3.205322265625000000e+02
2.164516448974609375e+02 3.231081237792968750e+02 2.151550598144531250e+02 3.556062622070312500e+02 2.369859313964843750e+02 3.206297607421875000e+02 2.356954803466796875e+02 3.506280212402343750e+02
2.183571166992187500e+02 3.518784484863281250e+02 2.187100219726562500e+02 3.281151123046875000e+02 2.384336853027343750e+02 3.481344299316406250e+02 2.390844116210937500e+02 3.268661193847656250e+02
1.223357772827148438e+02 2.218132019042968750e+02 1.210559692382812500e+02 2.381587371826171875e+02 1.640683288574218750e+02 2.206965942382812500e+02 1.627404937744140625e+02 2.381906890869140625e+02
2.680760192871093750e+02 3.155039978027343750e+02 2.043627014160156250e+02 3.177807617187500000e+02 2.768718261718750000e+02 3.130460510253906250e+02 2.243561096191406250e+02 3.151544799804687500e+02
3.755469055175781250e+02 2.053267364501953125e+02 3.919793701171875000e+02 2.010235290527343750e+02 4.018373718261718750e+02 2.079376983642578125e+02 4.193824157714843750e+02 2.044119110107421875e+02
5.291013183593750000e+02 3.093876953125000000e+02 5.261987915039062500e+02 2.468483734130859375e+02 5.574770507812500000e+02 3.081516723632812500e+02 5.551596679687500000e+02 2.518427124023437500e+02
6.944082031250000000e+02 3.276007385253906250e+02 5.069476623535156250e+02 3.157275390625000000e+02 7.307970581054687500e+02 3.279285583496093750e+02 5.382039794921875000e+02 3.156374511718750000e+02
1.643752899169921875e+02 2.862873535156250000e+02 1.468747406005859375e+02 2.862951965332031250e+02 1.793872985839843750e+02 2.833710327148437500e+02 1.618746185302734375e+02 2.831564941406250000e+02
3.992244567871093750e+02 1.968630676269531250e+02 4.016035766601562500e+02 1.668534851074218750e+02 4.279768676757812500e+02 2.006209106445312500e+02 4.287016296386718750e+02 1.743909301757812500e+02
1.444305267333984375e+02 1.903372802734375000e+02 1.254234237670898438e+02 1.866696777343750000e+02 1.829057464599609375e+02 1.916144561767578125e+02 1.666242523193359375e+02 1.880065460205078125e+02
1.171787872314453125e+02 3.318114013671875000e+02 1.141511459350585938e+02 3.768599548339843750e+02 1.485072479248046875e+02 3.293211364746093750e+02 1.457109680175781250e+02 3.743803405761718750e+02
4.124213562011718750e+02 1.693739166259765625e+02 4.124805908203125000e+02 1.993762664794921875e+02 4.448020324707031250e+02 1.781219024658203125e+02 4.447080688476562500e+02 2.031309509277343750e+02
7.463390350341796875e+01 5.179880619049072266e+00 9.446744537353515625e+01 1.671606445312500000e+01 1.210139083862304688e+02 1.500242137908935547e+01 1.375335388183593750e+02 2.532182312011718750e+01
3.245657653808593750e+02 2.936174201965332031e+01 3.259610595703125000e+02 4.943851852416992188e+01 3.559657592773437500e+02 2.069461059570312500e+01 3.576855773925781250e+02 4.315864181518554688e+01
1.183219985961914062e+02 3.656386108398437500e+02 1.203119354248046875e+02 3.368533630371093750e+02 1.496196136474609375e+02 3.618938598632812500e+02 1.518369293212890625e+02 3.331220703125000000e+02
1.497608642578125000e+02 1.931348724365234375e+02 1.490893707275390625e+02 2.193996582031250000e+02 1.660028076171875000e+02 1.893998718261718750e+02 1.641892089843750000e+02 2.169450683593750000e+02
3.542391052246093750e+02 2.113543243408203125e+02 3.695043029785156250e+02 2.073703918457031250e+02 3.780977783203125000e+02 2.129858551025390625e+02 3.944555358886718750e+02 2.097868804931640625e+02
9.813240814208984375e+01 2.630079841613769531e+01 7.437023925781250000e+01 2.599407386779785156e+01 1.193631591796875000e+02 2.758490371704101562e+01 9.686941528320312500e+01 2.720980453491210938e+01
1.493210601806640625e+02 2.210982971191406250e+02 1.668779144287109375e+02 2.230994262695312500e+02 1.657046356201171875e+02 2.176324005126953125e+02 1.807164611816406250e+02 2.200591888427734375e+02
6.086651000976562500e+02 5.933709335327148438e+01 6.141082153320312500e+02 1.368937225341796875e+02 6.474974365234375000e+02 8.308320617675781250e+01 6.522827148437500000e+02 1.543476257324218750e+02
1.668651123046875000e+02 2.257046813964843750e+02 1.493251342773437500e+02 2.235265655517578125e+02 1.807044677734375000e+02 2.225718231201171875e+02 1.654799346923828125e+02 2.203848724365234375e+02
3.079265747070312500e+02 3.613481750488281250e+02 2.344320983886718750e+02 3.580879516601562500e+02 3.145721130371093750e+02 3.586504211425781250e+02 2.685313720703125000e+02 3.540542602539062500e+02
2.951308593750000000e+02 2.981394348144531250e+02 2.956801147460937500e+02 2.693522033691406250e+02 3.074917297363281250e+02 2.981470947265625000e+02 3.085689086914062500e+02 2.680960998535156250e+02
1.755822296142578125e+02 3.218301391601562500e+02 7.560873413085937500e+01 3.251324768066406250e+02 2.068523559570312500e+02 3.187224426269531250e+02 1.180791320800781250e+02 3.218034057617187500e+02
3.536566772460937500e+02 2.181243743896484375e+02 3.538266601562500000e+02 3.631256408691406250e+02 3.760608825683593750e+02 2.193743286132812500e+02 3.762765808105468750e+02 3.593759155273437500e+02
3.049381408691406250e+02 2.331362152099609375e+02 3.035946044921875000e+02 3.006094665527343750e+02 3.199407653808593750e+02 2.318546447753906250e+02 3.179699707031250000e+02 2.981203918457031250e+02
1.611866760253906250e+02 5.977599024772644043e-01 1.602956848144531250e+02 2.311196708679199219e+01 1.814878692626953125e+02 6.026350259780883789e-01 1.803321380615234375e+02 2.060808181762695312e+01
1.943621368408203125e+02 2.859666137695312500e+02 1.756159057617187500e+02 2.862319641113281250e+02 2.056206970214843750e+02 2.829950561523437500e+02 1.880985107421875000e+02 2.835754089355468750e+02
3.431043701171875000e+02 2.183773040771484375e+02 3.217924804687500000e+02 2.166337280273437500e+02 3.668574218750000000e+02 2.195501556396484375e+02 3.480460205078125000e+02 2.176617279052734375e+02
1.431693878173828125e+02 2.226975708007812500e+02 1.242341537475585938e+02 2.207314453125000000e+02 1.581658172607421875e+02 2.190695800781250000e+02 1.406446075439453125e+02 2.167282562255859375e+02
5.439929199218750000e+02 4.952093505859375000e+02 5.180346069335937500e+02 4.833223571777343750e+02 5.719603271484375000e+02 4.591196289062500000e+02 5.494655151367187500e+02 4.516040039062500000e+02
3.218856201171875000e+02 2.191972045898437500e+02 3.431345520019531250e+02 2.204650878906250000e+02 3.481730041503906250e+02 2.200807037353515625e+02 3.668876647949218750e+02 2.217315368652343750e+02
4.384909362792968750e+02 8.065186309814453125e+01 4.366279602050781250e+02 1.934452247619628906e+01 4.760146179199218750e+02 9.311204528808593750e+01 4.742691955566406250e+02 4.062851715087890625e+01
1.406253204345703125e+02 2.862579650878906250e+02 1.206246871948242188e+02 2.862682189941406250e+02 1.556466827392578125e+02 2.830766601562500000e+02 1.381098175048828125e+02 2.827837829589843750e+02
1.684676818847656250e+02 2.531118621826171875e+02 1.674614410400390625e+02 2.268525238037109375e+02 1.823057098388671875e+02 2.493784027099609375e+02 1.822018890380859375e+02 2.243736419677734375e+02
3.929646301269531250e+02 1.993777618408203125e+02 3.921257324218750000e+02 1.506421966552734375e+02 4.209645080566406250e+02 2.018944702148437500e+02 4.200288391113281250e+02 1.581377410888671875e+02
2.437388801574707031e+01 2.685208129882812500e+01 5.586462020874023438e-01 2.800842285156250000e+01 7.812468719482421875e+01 2.686650276184082031e+01 1.686516571044921875e+01 2.910596275329589844e+01
3.910264892578125000e+02 1.515349121093750000e+02 3.746546325683593750e+02 1.587587280273437500e+02 4.185842895507812500e+02 1.583285064697265625e+02 4.020138549804687500e+02 1.635644683837890625e+02
2.932276611328125000e+02 2.356264343261718750e+02 2.923382568359375000e+02 2.993814697265625000e+02 3.062817077636718750e+02 2.356127014160156250e+02 3.049856567382812500e+02 2.981376647949218750e+02
5.037883605957031250e+02 1.818466949462890625e+02 5.093347473144531250e+02 3.118233642578125000e+02 5.402461547851562500e+02 1.906400299072265625e+02 5.450066528320312500e+02 3.105999450683593750e+02
1.452961730957031250e+02 2.181608886718750000e+02 1.463211212158203125e+02 1.918534240722656250e+02 1.608292236328125000e+02 2.156345062255859375e+02 1.621124114990234375e+02 1.880778503417968750e+02
3.101305847167968750e+02 2.681241760253906250e+02 3.100791320800781250e+02 2.993741149902343750e+02 3.276842346191406250e+02 2.668717956542968750e+02 3.274566955566406250e+02 2.981201477050781250e+02
7.317463684082031250e+01 4.468706054687500000e+02 1.319309539794921875e+02 4.445292358398437500e+02 9.310327911376953125e+01 4.326759643554687500e+02 1.181187820434570312e+02 4.333544006347656250e+02
4.603399047851562500e+02 4.561108703613281250e+02 4.181204223632812500e+02 4.718627624511718750e+02 4.794666442871093750e+02 4.608436279296875000e+02 4.582723999023437500e+02 4.697266845703125000e+02
1.627341613769531250e+02 2.440240478515625000e+01 1.634934692382812500e+02 5.968825221061706543e-01 1.826282653808593750e+02 2.316172027587890625e+01 1.837284088134765625e+02 5.934807062149047852e-01
4.318817749023437500e+02 7.812480163574218750e+01 4.300482482910156250e+02 1.560525608062744141e+01 4.705984802246093750e+02 9.062564086914062500e+01 4.691563110351562500e+02 3.063025665283203125e+01
4.253002624511718750e+02 1.313355541229248047e+01 4.269794006347656250e+02 7.687225341796875000e+01 4.651499633789062500e+02 2.925018692016601562e+01 4.674405822753906250e+02 8.935344696044921875e+01
2.143304443359375000e+02 6.236778497695922852e-01 2.134770355224609375e+02 2.938544464111328125e+01 2.205504302978515625e+02 6.216466426849365234e-01 2.192577514648437500e+02 2.936972808837890625e+01
2.828127136230468750e+02 2.393696594238281250e+02 2.817867431640625000e+02 2.993735046386718750e+02 2.937561340332031250e+02 2.381162261962890625e+02 2.929231567382812500e+02 2.968721313476562500e+02
3.064575195312500000e+02 3.006520385742187500e+02 3.075148620605468750e+02 2.681051635742187500e+02 3.215911254882812500e+02 2.968936157226562500e+02 3.221692504882812500e+02 2.668806762695312500e+02
2.289779663085937500e+02 3.190445518493652344e+01 2.300588226318359375e+02 6.054481267929077148e-01 2.342293090820312500e+02 3.186940002441406250e+01 2.354306945800781250e+02 6.175307631492614746e-01
5.530105590820312500e+02 1.693130798339843750e+02 5.608517456054687500e+02 3.131126403808593750e+02 5.909956665039062500e+02 1.818559875488281250e+02 5.976682739257812500e+02 3.118984375000000000e+02
2.157548828125000000e+02 2.937869644165039062e+01 2.165732879638671875e+02 6.164150834083557129e-01 2.217219543457031250e+02 2.937022209167480469e+01 2.226198272705078125e+02 6.092292666435241699e-01
2.851098327636718750e+02 2.681382751464843750e+02 2.856296386718750000e+02 2.393525085449218750e+02 2.960596313476562500e+02 2.668784179687500000e+02 2.962854003906250000e+02 2.381203765869140625e+02
3.772662658691406250e+02 2.031313323974609375e+02 3.776306762695312500e+02 1.806170043945312500e+02 4.021641235351562500e+02 2.056280364990234375e+02 4.023610229492187500e+02 1.868669891357421875e+02
2.277579193115234375e+02 6.122034192085266113e-01 2.267118530273437500e+02 3.061931228637695312e+01 2.332018280029296875e+02 6.278051137924194336e-01 2.321062774658203125e+02 3.063344383239746094e+01
3.704752197265625000e+02 2.056270294189453125e+02 3.698832092285156250e+02 1.618850402832031250e+02 3.956414794921875000e+02 2.081248016357421875e+02 3.951342468261718750e+02 1.668656616210937500e+02
2.832163696289062500e+02 2.018763580322265625e+02 2.827901611328125000e+02 2.306385650634765625e+02 2.944894714355468750e+02 2.006265869140625000e+02 2.940901489257812500e+02 2.293883972167968750e+02
4.506130371093750000e+02 3.994135742187500000e+02 7.054947509765625000e+02 4.785444641113281250e+02 4.846215209960937500e+02 3.921484985351562500e+02 7.244824829101562500e+02 4.526992797851562500e+02
6.151347656250000000e+02 1.530721282958984375e+02 6.265361328125000000e+02 3.168985900878906250e+02 6.532352294921875000e+02 1.693677825927734375e+02 6.628221435546875000e+02 3.156448364257812500e+02
6.760609130859375000e+02 1.562590332031250000e+02 6.241209716796875000e+02 1.682770385742187500e+02 7.117412109375000000e+02 1.686411285400390625e+02 6.806140747070312500e+02 1.743149261474609375e+02
4.162161254882812500e+02 3.866618041992187500e+02 3.955492248535156250e+02 3.783125915527343750e+02 4.486972045898437500e+02 3.812468872070312500e+02 4.230328063964843750e+02 3.734276123046875000e+02
8.443653869628906250e+01 3.374024047851562500e+02 1.118549652099609375e+02 3.342033081054687500e+02 1.118765182495117188e+02 3.331377868652343750e+02 1.368204040527343750e+02 3.301665954589843750e+02
1.431603851318359375e+02 3.772325439453125000e+02 1.129613418579101562e+02 3.802213439941406250e+02 1.744007873535156250e+02 3.733768615722656250e+02 1.442053985595703125e+02 3.764685668945312500e+02
2.009992675781250000e+02 6.002222895622253418e-01 2.002208099365234375e+02 2.811356353759765625e+01 2.076860046386718750e+02 6.045610904693603516e-01 2.064057159423828125e+02 2.810315132141113281e+01
3.068841857910156250e+02 3.092549438476562500e+02 2.743832092285156250e+02 3.067678527832031250e+02 3.243549804687500000e+02 3.071693725585937500e+02 2.856140747070312500e+02 3.045357666015625000e+02
2.024626464843750000e+02 2.814551544189453125e+01 2.034245758056640625e+02 5.918195843696594238e-01 2.087168731689453125e+02 2.815030288696289062e+01 2.098949127197265625e+02 5.937889814376831055e-01
2.961561584472656250e+02 2.593973388671875000e+02 2.964228515625000000e+02 2.381193389892578125e+02 3.085178833007812500e+02 2.631274414062500000e+02 3.086890869140625000e+02 2.356207275390625000e+02
1.879495849609375000e+02 6.186379790306091309e-01 1.869971771240234375e+02 2.687943077087402344e+01 1.942198638916015625e+02 6.175577640533447266e-01 1.929605865478515625e+02 2.686711311340332031e+01
3.277612915039062500e+02 1.709692840576171875e+02 4.407745971679687500e+02 1.081426315307617188e+02 3.442185974121093750e+02 1.744880371093750000e+02 4.754932556152343750e+02 1.195469436645507812e+02
5.405894775390625000e+02 1.617465515136718750e+02 5.169224243164062500e+02 1.682964019775390625e+02 5.783065795898437500e+02 1.739843292236328125e+02 5.418361816406250000e+02 1.816911926269531250e+02
2.231116027832031250e+02 4.379787292480468750e+02 1.619169158935546875e+02 4.435827331542968750e+02 2.319325408935546875e+02 4.350651550292968750e+02 1.917947082519531250e+02 4.384120178222656250e+02
6.743358154296875000e+02 1.192409439086914062e+02 6.192891235351562500e+02 1.353311309814453125e+02 7.105325927734375000e+02 1.414548492431640625e+02 6.580943603515625000e+02 1.529857635498046875e+02
2.857727661132812500e+02 2.306184387207031250e+02 2.845527648925781250e+02 2.031171112060546875e+02 2.965680541992187500e+02 2.293798370361328125e+02 2.961349487304687500e+02 2.018866577148437500e+02
4.429776000976562500e+02 3.949517822265625000e+02 4.206573791503906250e+02 3.892483215332031250e+02 4.780141601562500000e+02 3.886374816894531250e+02 4.530983276367187500e+02 3.832482299804687500e+02
4.806952667236328125e+01 2.084649200439453125e+02 3.062609672546386719e+01 2.056182861328125000e+02 1.282951965332031250e+02 2.146023559570312500e+02 1.106595840454101562e+02 2.116672058105468750e+02
1.894372100830078125e+02 2.687650871276855469e+01 1.900739898681640625e+02 6.116409301757812500e-01 1.954318542480468750e+02 2.691373634338378906e+01 1.963960266113281250e+02 6.074448823928833008e-01
2.844223937988281250e+02 2.981567382812500000e+02 2.850964965820312500e+02 2.706120605468750000e+02 2.945338439941406250e+02 2.968842773437500000e+02 2.961440734863281250e+02 2.693322753906250000e+02
4.758258972167968750e+02 4.947944946289062500e+02 5.070892639160156250e+02 4.798223876953125000e+02 5.168811645507812500e+02 4.943853454589843750e+02 5.731479492187500000e+02 4.606632690429687500e+02
4.312500000000000000e+01 3.437500000000000000e+01 8.437500000000000000e+01 3.437500000000000000e+01 5.187586212158203125e+01 3.526839065551757812e+01 1.906341094970703125e+02 3.560347366333007812e+01
2.402307739257812500e+02 6.156946420669555664e-01 2.394633636474609375e+02 3.312708663940429688e+01 2.459036407470703125e+02 5.975582003593444824e-01 2.449852142333984375e+02 3.310692596435546875e+01
6.143914184570312500e+02 3.156239013671875000e+02 6.037064208984375000e+02 1.556696624755859375e+02 6.509351806640625000e+02 3.144344177246093750e+02 6.419205932617187500e+02 1.718721160888671875e+02
2.797309875488281250e+02 3.544173583984375000e+02 2.819655761718750000e+02 3.356357727050781250e+02 2.998660278320312500e+02 3.506783447265625000e+02 3.016396789550781250e+02 3.343494262695312500e+02
3.107245483398437500e+02 2.431264343261718750e+02 3.104018859863281250e+02 2.656217956542968750e+02 3.276047973632812500e+02 2.331298675537109375e+02 3.278970947265625000e+02 2.643771362304687500e+02
3.454295043945312500e+02 2.216868591308593750e+02 3.343988647460937500e+02 2.331479644775390625e+02 3.690626220703125000e+02 2.227601928710937500e+02 3.569102172851562500e+02 2.331661376953125000e+02
3.324295959472656250e+02 3.080378723144531250e+02 3.340009155273437500e+02 3.631356811523437500e+02 3.543310546875000000e+02 3.055795593261718750e+02 3.553259277343750000e+02 3.593574218750000000e+02
3.074547729492187500e+02 2.643776855468750000e+02 3.075763549804687500e+02 2.381224517822265625e+02 3.223161010742187500e+02 2.631280212402343750e+02 3.225215759277343750e+02 2.331208648681640625e+02
4.322258605957031250e+02 1.686541748046875000e+01 4.339333190917968750e+02 7.938706207275390625e+01 4.711529846191406250e+02 3.311103057861328125e+01 4.726750183105468750e+02 9.063690948486328125e+01
5.515305175781250000e+02 3.118928527832031250e+02 5.442763061523437500e+02 1.718801116943359375e+02 5.884374389648437500e+02 3.119207458496093750e+02 5.821516113281250000e+02 1.831114959716796875e+02
7.441569519042968750e+01 3.212958374023437500e+02 2.656445007324218750e+02 3.096965332031250000e+02 1.405122680664062500e+02 3.147532653808593750e+02 2.744155883789062500e+02 3.076390686035156250e+02
2.457867126464843750e+02 3.935045242309570312e+01 1.856447448730468750e+02 3.171940994262695312e+01 3.196888122558593750e+02 5.364361190795898438e+01 1.991488037109375000e+02 3.455326843261718750e+01
7.908488464355468750e+01 3.530953369140625000e+02 7.665701293945312500e+01 3.768527221679687500e+02 1.135496139526367188e+02 3.506620178222656250e+02 1.115930175781250000e+02 3.731004028320312500e+02
1.080997314453125000e+02 3.333971252441406250e+02 8.184396362304687500e+01 3.309592285156250000e+02 1.330364227294921875e+02 3.293539428710937500e+02 1.093195343017578125e+02 3.276445007324218750e+02
2.742796325683593750e+02 3.040657348632812500e+02 3.055880432128906250e+02 3.072395019531250000e+02 2.856173095703125000e+02 3.019621582031250000e+02 3.243965148925781250e+02 3.053809509277343750e+02
2.930412902832031250e+02 1.968759460449218750e+02 2.933959045410156250e+02 2.281219177246093750e+02 3.202966003417968750e+02 1.918722991943359375e+02 3.200286560058593750e+02 2.243803863525390625e+02
3.577579956054687500e+02 2.080979003906250000e+02 3.567615356445312500e+02 1.756284790039062500e+02 3.801159362792968750e+02 2.106338500976562500e+02 3.797248229980468750e+02 1.881189270019531250e+02
5.070330505371093750e+02 4.777814941406250000e+02 4.658701782226562500e+02 4.588421325683593750e+02 5.417718505859375000e+02 4.783786926269531250e+02 4.918880920410156250e+02 4.580928344726562500e+02
1.239217605590820312e+02 1.881040802001953125e+02 1.225918426513671875e+02 2.169080963134765625e+02 1.416134796142578125e+02 1.831835327148437500e+02 1.398388977050781250e+02 2.131524658203125000e+02
5.433856201171875000e+02 1.568621368408203125e+02 5.404263305664062500e+02 9.688480377197265625e+01 5.814622192382812500e+02 1.693971862792968750e+02 5.783034667968750000e+02 1.106154098510742188e+02
2.890448913574218750e+02 2.393728790283203125e+02 2.889328002929687500e+02 2.568801574707031250e+02 3.004148559570312500e+02 2.380734405517578125e+02 2.997945556640625000e+02 2.556398162841796875e+02
4.517415771484375000e+02 4.946017761230468750e+02 4.160726928710937500e+02 4.736141357421875000e+02 4.918256225585937500e+02 4.944790039062500000e+02 4.473544921875000000e+02 4.733650817871093750e+02
8.934414672851562500e+01 2.513675231933593750e+02 1.081136856079101562e+02 2.521473846435546875e+02 8.183117675781250000e+01 2.448281860351562500e+02 1.043622283935546875e+02 2.470070953369140625e+02
2.891089172363281250e+02 2.106032562255859375e+02 2.894961853027343750e+02 2.281223144531250000e+02 3.003940429687500000e+02 2.106190490722656250e+02 2.999428710937500000e+02 2.281396179199218750e+02
4.246983642578125000e+02 7.564780426025390625e+01 4.232519226074218750e+02 1.687187576293945312e+01 4.646625671386718750e+02 8.813742065429687500e+01 4.639523315429687500e+02 3.311432266235351562e+01
4.390287780761718750e+02 2.688593864440917969e+01 4.407670593261718750e+02 8.191000366210937500e+01 4.764485473632812500e+02 3.939782714843750000e+01 4.793915100097656250e+02 9.437411499023437500e+01
1.553818416595458984e+01 3.575856933593750000e+02 4.941638183593750000e+01 3.521320800781250000e+02 5.671265411376953125e+01 3.522416992187500000e+02 8.321607208251953125e+01 3.473704833984375000e+02
8.688908386230468750e+01 1.780671081542968750e+02 6.803849029541015625e+01 1.734805603027343750e+02 1.068365936279296875e+02 1.732655334472656250e+02 8.663718414306640625e+01 1.677451782226562500e+02
4.205275878906250000e+02 4.732903442382812500e+02 4.504515075683593750e+02 4.909195251464843750e+02 4.530718994140625000e+02 4.732344360351562500e+02 4.978423767089843750e+02 4.949575195312500000e+02
5.093771667480468750e+02 4.818797912597656250e+02 4.808138427734375000e+02 4.947927246093750000e+02 5.469673461914062500e+02 4.795310974121093750e+02 5.209487304687500000e+02 4.949222717285156250e+02
2.661094665527343750e+02 1.991188354492187500e+02 3.203961486816406250e+02 1.726555023193359375e+02 2.748543701171875000e+02 1.981923065185546875e+02 3.416913146972656250e+02 1.738702239990234375e+02
6.232061767578125000e+02 1.471811523437500000e+02 6.768307495117187500e+02 1.329580535888671875e+02 6.582536010742187500e+02 1.688106079101562500e+02 7.119884033203125000e+02 1.587295684814453125e+02
5.182688140869140625e+01 3.399399108886718750e+02 7.314729309082031250e+01 3.384424438476562500e+02 8.564565277099609375e+01 3.358233032226562500e+02 1.043232650756835938e+02 3.338782348632812500e+02
5.819316406250000000e+02 1.808900299072265625e+02 5.996891479492187500e+02 1.770948791503906250e+02 6.069022827148437500e+02 1.907610931396484375e+02 6.369473876953125000e+02 1.847359619140625000e+02
6.955239868164062500e+02 3.193838500976562500e+02 6.803204956054687500e+02 1.456516418457031250e+02 7.296439819335937500e+02 3.193529663085937500e+02 7.163394165039062500e+02 1.569188690185546875e+02
1.244606094360351562e+02 2.175381164550781250e+02 1.431770324707031250e+02 2.202682647705078125e+02 1.407100372314453125e+02 2.138239593505859375e+02 1.594007263183593750e+02 2.167083129882812500e+02
6.543230590820312500e+02 2.016129913330078125e+02 6.768920898437500000e+02 2.027994232177734375e+02 6.705479125976562500e+02 2.192367858886718750e+02 6.957478637695312500e+02 2.178378906250000000e+02
3.418472900390625000e+02 4.756656494140625000e+02 3.636106262207031250e+02 4.904966735839843750e+02 3.619786376953125000e+02 4.692055358886718750e+02 3.883157653808593750e+02 4.853130798339843750e+02
3.318705139160156250e+02 4.368562927246093750e+02 3.097407226562500000e+02 4.421530151367187500e+02 3.694438476562500000e+02 4.346015319824218750e+02 3.180061645507812500e+02 4.502339477539062500e+02
1.689755630493164062e+01 3.457844543457031250e+02 4.945344161987304688e+01 3.411795959472656250e+02 5.803271865844726562e+01 3.400006408691406250e+02 8.181738281250000000e+01 3.364851684570312500e+02
3.707271728515625000e+02 4.522084655761718750e+02 3.295160827636718750e+02 4.648354187011718750e+02 3.981642150878906250e+02 4.544770202636718750e+02 3.619768371582031250e+02 4.683898620605468750e+02
8.311756134033203125e+01 2.482306976318359375e+02 5.939707565307617188e+01 2.465613098144531250e+02 1.019073410034179688e+02 2.440451660156250000e+02 8.185498046875000000e+01 2.420791625976562500e+02
2.813371582031250000e+02 3.306276550292968750e+02 2.812506408691406250e+02 3.131219177246093750e+02 3.012498168945312500e+02 3.268839721679687500e+02 3.009981689453125000e+02 3.093696289062500000e+02
4.080399169921875000e+02 4.415744323730468750e+02 3.820996704101562500e+02 4.489185485839843750e+02 4.508643493652343750e+02 4.369335327148437500e+02 4.167130432128906250e+02 4.462834167480468750e+02
3.507485961914062500e+02 3.243768615722656250e+02 3.505741271972656250e+02 2.193750915527343750e+02 3.737568359375000000e+02 3.593771972656250000e+02 3.743975830078125000e+02 1.756250762939453125e+02
4.965319824218750000e+02 1.156408843994140625e+02 5.025505371093750000e+02 2.455937194824218750e+02 5.340625610351562500e+02 1.368886108398437500e+02 5.385272216796875000e+02 2.393574676513671875e+02
5.958445072174072266e-01 3.279057693481445312e+01 2.066128921508789062e+01 3.104124450683593750e+01 1.560558795928955078e+01 3.397759628295898438e+01 8.181971740722656250e+01 3.074323844909667969e+01
9.572810363769531250e+01 3.438233947753906250e+02 1.132160339355468750e+02 3.412416381835937500e+02 1.207313766479492188e+02 3.399750976562500000e+02 1.456142272949218750e+02 3.355642089843750000e+02
1.121259002685546875e+02 2.144050903320312500e+02 1.157261276245117188e+02 1.843871307373046875e+02 1.297231445312500000e+02 2.094162902832031250e+02 1.332832489013671875e+02 1.793937683105468750e+02
1.870042266845703125e+02 3.698015747070312500e+02 1.719012603759765625e+02 3.709657287597656250e+02 2.020221710205078125e+02 3.664519042968750000e+02 1.868358001708984375e+02 3.691547851562500000e+02
2.061290740966796875e+01 4.399673156738281250e+02 4.685197067260742188e+01 4.405030212402343750e+02 9.186474609375000000e+01 4.379768981933593750e+02 1.156243209838867188e+02 4.381979370117187500e+02
3.379140090942382812e+01 1.631683044433593750e+02 3.614786148071289062e+01 1.269089813232421875e+02 7.183938598632812500e+01 2.131228179931640625e+02 7.796505737304687500e+01 1.131152038574218750e+02
3.731250000000000000e+02 2.206250000000000000e+02 3.731250000000000000e+02 2.643750000000000000e+02 3.936720886230468750e+02 2.231242828369140625e+02 3.936300048828125000e+02 2.643742370605468750e+02
3.450184326171875000e+02 2.231288604736328125e+02 3.457889709472656250e+02 3.443739624023437500e+02 3.686869812011718750e+02 2.256249084472656250e+02 3.687105102539062500e+02 3.606249084472656250e+02
1.494093170166015625e+02 3.834033813476562500e+02 8.693411254882812500e+01 3.911045532226562500e+02 1.879297790527343750e+02 3.789971008300781250e+02 1.255769805908203125e+02 3.864745483398437500e+02
5.026721191406250000e+02 2.506451873779296875e+02 5.054028320312500000e+02 3.118849182128906250e+02 5.390709838867187500e+02 2.531357421875000000e+02 5.409688720703125000e+02 3.068628540039062500e+02
7.563474273681640625e+01 3.782324523925781250e+02 5.433318328857421875e+01 3.801637878417968750e+02 1.095694732666015625e+02 3.740660400390625000e+02 8.432456207275390625e+01 3.763067321777343750e+02
8.864230346679687500e+01 2.469038696289062500e+02 8.955046844482421875e+01 2.306347961425781250e+02 1.297173767089843750e+02 2.356351318359375000e+02 1.303471374511718750e+02 2.143667755126953125e+02
2.556173553466796875e+02 3.678830261230468750e+02 2.355978546142578125e+02 3.685150146484375000e+02 2.743647766113281250e+02 3.642177124023437500e+02 2.593470153808593750e+02 3.651952514648437500e+02
1.181250000000000000e+02 2.893750000000000000e+02 1.718750000000000000e+02 2.893750000000000000e+02 1.331162261962890625e+02 2.865696411132812500e+02 1.818736267089843750e+02 2.870226440429687500e+02
3.449283752441406250e+02 1.981220245361328125e+02 3.450294799804687500e+02 2.168782043457031250e+02 3.687597351074218750e+02 1.968743286132812500e+02 3.687367248535156250e+02 2.181256561279296875e+02
9.818952178955078125e+01 1.327597656250000000e+02 1.230753250122070312e+02 1.371561737060546875e+02 9.196500396728515625e+01 1.202161560058593750e+02 1.757806854248046875e+02 1.386677856445312500e+02
2.806250000000000000e+02 2.693750000000000000e+02 2.806250000000000000e+02 2.481250000000000000e+02 2.918750000000000000e+02 2.593750000000000000e+02 2.918750000000000000e+02 2.393750000000000000e+02
3.731250000000000000e+02 2.681250000000000000e+02 3.731250000000000000e+02 2.968750000000000000e+02 3.931169433593750000e+02 2.681251831054687500e+02 3.940665588378906250e+02 3.094108581542968750e+02
3.568750000000000000e+02 3.306250000000000000e+02 3.568750000000000000e+02 3.593750000000000000e+02 3.793750000000000000e+02 3.143750000000000000e+02 3.793750000000000000e+02 3.543750000000000000e+02
1.581075744628906250e+02 1.869822692871093750e+02 2.317410125732421875e+02 1.989494323730468750e+02 2.068396148681640625e+02 1.908549957275390625e+02 2.730606384277343750e+02 2.010434112548828125e+02
4.819563674926757812e+01 3.485980529785156250e+02 1.567417430877685547e+01 3.534543151855468750e+02 8.056417846679687500e+01 3.440187988281250000e+02 5.807938766479492188e+01 3.478578491210937500e+02
3.743750000000000000e+02 3.343750000000000000e+02 3.743750000000000000e+02 3.618750000000000000e+02 3.939292907714843750e+02 3.118784484863281250e+02 3.942777709960937500e+02 3.568854370117187500e+02
