323
4.410700988769531250e+02 8.973220825195312500e+01 4.775497131347656250e+02 1.014955062866210938e+02
4.423211669921875000e+02 1.033609161376953125e+02 4.784187622070312500e+02 1.144878311157226562e+02
1.439473876953125000e+02 2.872441711425781250e+02 1.593444671630859375e+02 2.839922485351562500e+02
1.643694763183593750e+02 2.850152282714843750e+02 1.782759094238281250e+02 2.819558105468750000e+02
2.439637451171875000e+02 2.331971740722656250e+02 2.543777618408203125e+02 2.317054901123046875e+02
1.643694763183593750e+02 2.850152282714843750e+02 1.782759094238281250e+02 2.819558105468750000e+02
3.652604980468750000e+02 3.548273010253906250e+02 3.886192932128906250e+02 3.496428833007812500e+02
3.890648803710937500e+02 3.615993957519531250e+02 4.159326171875000000e+02 3.573706970214843750e+02
2.439637451171875000e+02 2.331971740722656250e+02 2.543777618408203125e+02 2.317054901123046875e+02
5.063771667480468750e+02 1.740805511474609375e+02 5.428158569335937500e+02 1.836982879638671875e+02
6.240443115234375000e+02 2.322655639648437500e+02 5.970262451171875000e+02 2.450587310791015625e+02
3.017818603515625000e+02 3.655402221679687500e+02 3.239643554687500000e+02 3.620514831542968750e+02
2.650985107421875000e+02 2.034580993652343750e+02 2.755132751464843750e+02 2.025799407958984375e+02
4.451667480468750000e+02 8.824008941650390625e+01 4.814236755371093750e+02 1.004721450805664062e+02
1.340062561035156250e+02 3.013974571228027344e+01 1.518331298828125000e+02 3.150656890869140625e+01
4.429109802246093750e+02 1.952869796752929688e+01 4.794565124511718750e+02 3.533605194091796875e+01
2.446545867919921875e+02 2.579391174316406250e+02 2.547604980468750000e+02 2.558933105468750000e+02
2.451508941650390625e+02 2.326563110351562500e+02 2.553630828857421875e+02 2.307429656982421875e+02
3.292127075195312500e+02 3.600245971679687500e+02 3.511118774414062500e+02 3.573305358886718750e+02
2.451508941650390625e+02 2.326563110351562500e+02 2.553630828857421875e+02 2.307429656982421875e+02
4.429109802246093750e+02 1.952869796752929688e+01 4.794565124511718750e+02 3.533605194091796875e+01
6.031968994140625000e+02 3.756386718750000000e+02 6.434602661132812500e+02 3.681211853027343750e+02
3.890648803710937500e+02 3.615993957519531250e+02 4.159326171875000000e+02 3.573706970214843750e+02
2.798027648925781250e+02 2.384463958740234375e+02 2.881258544921875000e+02 2.362354278564453125e+02
2.284380950927734375e+02 2.060296020507812500e+02 2.394454650878906250e+02 2.041630249023437500e+02
1.570955810546875000e+02 2.782572937011718750e+02 1.715275573730468750e+02 2.757414245605468750e+02
2.903433837890625000e+02 3.615355529785156250e+02 3.129073486328125000e+02 3.584611206054687500e+02
4.094343566894531250e+02 3.620192260742187500e+02 4.377722778320312500e+02 3.559579772949218750e+02
1.573797760009765625e+02 3.458336791992187500e+02 1.881808319091796875e+02 3.423146972656250000e+02
5.366683959960937500e+02 3.182081909179687500e+02 5.718577270507812500e+02 3.157774047851562500e+02
2.439637451171875000e+02 2.331971740722656250e+02 2.543777618408203125e+02 2.317054901123046875e+02
1.447067413330078125e+02 1.398907165527343750e+02 1.808074340820312500e+02 1.386226348876953125e+02
4.381477050781250000e+02 9.235266113281250000e+01 4.751646118164062500e+02 1.040818862915039062e+02
4.543998413085937500e+02 4.562712707519531250e+02 5.161970825195312500e+02 4.423748474121093750e+02
5.924158935546875000e+02 3.203031311035156250e+02 5.718577270507812500e+02 3.157774047851562500e+02
2.451307067871093750e+02 2.715867919921875000e+02 2.521742706298828125e+02 2.680848083496093750e+02
2.274728851318359375e+02 2.352825775146484375e+02 2.383313446044921875e+02 2.329835968017578125e+02
3.696145019531250000e+02 1.565019378662109375e+02 3.962613525390625000e+02 1.607978515625000000e+02
4.101895141601562500e+02 1.334916076660156250e+02 4.523611755371093750e+02 1.357409820556640625e+02
1.625454254150390625e+02 3.460629577636718750e+02 1.934416046142578125e+02 3.425895385742187500e+02
4.072317810058593750e+02 2.740215454101562500e+02 4.367478637695312500e+02 2.761344299316406250e+02
2.554669189453125000e+02 2.455736541748046875e+02 2.647240295410156250e+02 2.429457092285156250e+02
2.179440765380859375e+02 3.283854675292968750e+02 2.383421630859375000e+02 3.251404113769531250e+02
6.568402709960937500e+02 2.937931632995605469e+01 7.003959960937500000e+02 5.894314956665039062e+01
1.729679565429687500e+02 3.769255065917968750e+02 2.041936645507812500e+02 3.730296936035156250e+02
4.961239318847656250e+02 1.017798843383789062e+02 5.340737304687500000e+02 1.162006912231445312e+02
1.550967407226562500e+02 3.187694740295410156e+01 1.715214538574218750e+02 3.328568267822265625e+01
1.892427215576171875e+02 2.823909606933593750e+02 2.006399688720703125e+02 2.795239562988281250e+02
3.644241333007812500e+02 3.004917297363281250e+02 3.887671508789062500e+02 3.044659423828125000e+02
1.553517913818359375e+02 2.718293151855468750e+02 1.703317565917968750e+02 2.687422790527343750e+02
2.446545867919921875e+02 2.579391174316406250e+02 2.547604980468750000e+02 2.558933105468750000e+02
3.161085815429687500e+02 3.167052612304687500e+02 3.391236572265625000e+02 3.148234558105468750e+02
3.494165954589843750e+02 3.291429443359375000e+02 3.702545776367187500e+02 3.300353393554687500e+02
3.105943908691406250e+02 6.283729553222656250e+01 3.683574523925781250e+02 7.345790863037109375e+01
1.312462158203125000e+02 2.780356140136718750e+02 1.473495635986328125e+02 2.750884704589843750e+02
2.430733795166015625e+02 2.904516296386718750e+02 2.517788391113281250e+02 2.883466491699218750e+02
4.654736328125000000e+02 2.124102172851562500e+02 5.016187133789062500e+02 2.248166198730468750e+02
2.656830444335937500e+02 3.352981262207031250e+02 2.837000732421875000e+02 3.313203125000000000e+02
3.558671264648437500e+02 2.093485717773437500e+02 3.788228454589843750e+02 2.110418701171875000e+02
3.716164245605468750e+02 2.182988739013671875e+02 3.972812805175781250e+02 2.209323883056640625e+02
4.075381164550781250e+02 2.528677368164062500e+02 4.364522705078125000e+02 2.511191253662109375e+02
2.553465728759765625e+02 2.121316528320312500e+02 2.647195434570312500e+02 2.098663635253906250e+02
1.152224273681640625e+02 2.786342773437500000e+02 1.326387481689453125e+02 2.747436523437500000e+02
1.340062561035156250e+02 3.013974571228027344e+01 1.518331298828125000e+02 3.150656890869140625e+01
2.906526794433593750e+02 4.395303344726562500e+02 3.578241577148437500e+02 4.292919311523437500e+02
2.855111083984375000e+02 4.427818908691406250e+02 3.551051330566406250e+02 4.332152404785156250e+02
2.413746185302734375e+02 2.210234375000000000e+02 2.515641479492187500e+02 2.185589141845703125e+02
1.228784942626953125e+02 3.339085388183593750e+02 1.541102294921875000e+02 3.298256225585937500e+02
4.098028259277343750e+02 1.993009033203125000e+02 4.421650695800781250e+02 2.029287567138671875e+02
3.652604980468750000e+02 3.548273010253906250e+02 3.886192932128906250e+02 3.496428833007812500e+02
2.209873962402343750e+02 2.291746215820312500e+02 2.324009094238281250e+02 2.267958526611328125e+02
4.086702575683593750e+02 3.285189514160156250e+02 4.367478637695312500e+02 2.761344299316406250e+02
3.944045410156250000e+02 2.125557708740234375e+02 4.227626037597656250e+02 2.166112518310546875e+02
6.045275268554687500e+02 2.386951293945312500e+02 6.420263061523437500e+02 2.456697998046875000e+02
3.644241333007812500e+02 3.004917297363281250e+02 3.887671508789062500e+02 3.044659423828125000e+02
4.200599975585937500e+02 7.885858917236328125e+01 4.538077392578125000e+02 8.847119140625000000e+01
9.528582000732421875e+01 3.301726379394531250e+02 1.222833938598632812e+02 3.266419372558593750e+02
2.216944732666015625e+02 3.249401855468750000e+02 2.416522369384765625e+02 3.218116149902343750e+02
3.979605407714843750e+02 3.146890869140625000e+02 4.258902282714843750e+02 3.126690368652343750e+02
6.164429931640625000e+02 2.351986541748046875e+02 6.533088378906250000e+02 2.424682006835937500e+02
3.621476745605468750e+02 1.731925811767578125e+02 3.868426208496093750e+02 1.772070922851562500e+02
3.070847167968750000e+02 4.393027343750000000e+02 3.730122070312500000e+02 4.288661804199218750e+02
3.121127319335937500e+02 3.609681396484375000e+02 3.344614257812500000e+02 3.567160034179687500e+02
2.485712890625000000e+02 2.359674377441406250e+02 2.585357360839843750e+02 2.333888702392578125e+02
1.492884674072265625e+02 1.887039489746093750e+02 1.654750671386718750e+02 1.853705596923828125e+02
5.114240417480468750e+02 4.791000061035156250e+02 5.762130126953125000e+02 4.600970458984375000e+02
3.348161315917968750e+02 3.671387634277343750e+02 3.584443969726562500e+02 3.634500427246093750e+02
3.166192932128906250e+02 6.405988311767578125e+01 3.745299682617187500e+02 7.496364593505859375e+01
6.164429931640625000e+02 2.351986541748046875e+02 6.533088378906250000e+02 2.424682006835937500e+02
3.734164428710937500e+02 3.639344787597656250e+02 3.982059631347656250e+02 3.597507629394531250e+02
1.667311859130859375e+02 1.974269104003906250e+02 1.608135223388671875e+02 1.884967193603515625e+02
4.070047607421875000e+02 4.270863647460937500e+02 4.600701599121093750e+02 4.173836975097656250e+02
4.131939697265625000e+02 1.310796813964843750e+02 4.523611755371093750e+02 1.357409820556640625e+02
2.274728851318359375e+02 2.352825775146484375e+02 2.383313446044921875e+02 2.329835968017578125e+02
4.598765258789062500e+02 4.502694702148437500e+02 5.181679077148437500e+02 4.364277038574218750e+02
5.916276168823242188e+01 2.837272338867187500e+02 8.110540771484375000e+01 2.798223266601562500e+02
2.352183227539062500e+02 2.120290832519531250e+02 2.448887023925781250e+02 2.088496856689453125e+02
4.069237060546875000e+02 2.168608551025390625e+02 4.359620666503906250e+02 2.234464111328125000e+02
3.968730773925781250e+02 3.693620300292968750e+02 4.242133483886718750e+02 3.644495239257812500e+02
2.678119201660156250e+02 2.002992095947265625e+02 2.780809936523437500e+02 1.992080993652343750e+02
1.508567504882812500e+02 3.121114540100097656e+01 1.673199768066406250e+02 3.250365066528320312e+01
2.648733520507812500e+02 2.335235443115234375e+02 2.745107727050781250e+02 2.321972045898437500e+02
2.590075683593750000e+02 2.546015472412109375e+02 2.676675720214843750e+02 2.526332550048828125e+02
5.583687744140625000e+02 1.704809265136718750e+02 6.585436401367187500e+02 1.701145019531250000e+02
2.962160339355468750e+02 4.448526000976562500e+02 3.657307434082031250e+02 4.343184814453125000e+02
4.070047607421875000e+02 4.270863647460937500e+02 4.600701599121093750e+02 4.173836975097656250e+02
2.464443511962890625e+02 1.584039459228515625e+02 1.808074340820312500e+02 1.386226348876953125e+02
5.911638183593750000e+02 2.934089660644531250e+02 6.230057983398437500e+02 2.866073608398437500e+02
6.020203247070312500e+02 1.566481475830078125e+02 5.806647949218750000e+02 1.831885375976562500e+02
6.928472900390625000e+02 3.252204284667968750e+02 7.285647583007812500e+02 3.242367553710937500e+02
2.146838378906250000e+02 2.047644958496093750e+02 1.608135223388671875e+02 1.884967193603515625e+02
1.990828704833984375e+02 1.971162261962890625e+02 2.117814941406250000e+02 1.946844329833984375e+02
6.292005004882812500e+02 3.154143676757812500e+02 6.000541381835937500e+02 3.117296142578125000e+02
3.757329406738281250e+02 2.037991638183593750e+02 4.270708923339843750e+02 2.010286865234375000e+02
1.240581436157226562e+02 3.961703491210937500e+01 1.966134948730468750e+02 4.451830673217773438e+01
5.916276168823242188e+01 2.837272338867187500e+02 8.110540771484375000e+01 2.798223266601562500e+02
2.958089599609375000e+02 3.597658538818359375e+01 3.534145507812500000e+02 4.620849227905273438e+01
4.108365478515625000e+02 5.464847087860107422e+00 4.412218933105468750e+02 1.456618499755859375e+01
1.729679565429687500e+02 3.769255065917968750e+02 2.041936645507812500e+02 3.730296936035156250e+02
4.172471008300781250e+02 4.715409851074218750e+02 4.902093505859375000e+02 4.552021484375000000e+02
4.086702575683593750e+02 3.285189514160156250e+02 4.367478637695312500e+02 2.761344299316406250e+02
4.230126342773437500e+02 8.238968658447265625e+01 4.566860046386718750e+02 9.161618804931640625e+01
2.472767486572265625e+02 4.527832946777343750e+02 3.235138854980468750e+02 4.414078979492187500e+02
3.114884948730468750e+02 3.288397521972656250e+02 3.343994750976562500e+02 3.258791198730468750e+02
6.351289672851562500e+02 2.158682861328125000e+02 6.698781127929687500e+02 2.272079772949218750e+02
2.146838378906250000e+02 2.047644958496093750e+02 1.608135223388671875e+02 1.884967193603515625e+02
4.325059509277343750e+02 4.007393493652343750e+02 4.699833374023437500e+02 3.935739746093750000e+02
1.548983917236328125e+02 1.854174423217773438e+01 1.741322937011718750e+02 1.675447463989257812e+01
2.153057098388671875e+02 2.606017150878906250e+02 2.264970397949218750e+02 2.581441040039062500e+02
4.598765258789062500e+02 4.502694702148437500e+02 5.181679077148437500e+02 4.364277038574218750e+02
1.508567504882812500e+02 3.121114540100097656e+01 1.673199768066406250e+02 3.250365066528320312e+01
3.051514892578125000e+02 6.171921157836914062e+01 3.633168334960937500e+02 7.205619049072265625e+01
6.158389892578125000e+02 1.121812973022460938e+02 6.323123168945312500e+02 1.377302246093750000e+02
2.652318115234375000e+02 2.156069488525390625e+02 2.749581604003906250e+02 2.149160156250000000e+02
5.155250244140625000e+02 4.810680541992187500e+02 5.814428100585937500e+02 4.617725219726562500e+02
4.665412902832031250e+01 3.434710998535156250e+02 7.060699462890625000e+01 3.398970947265625000e+02
2.451057891845703125e+02 2.026583557128906250e+02 2.556640167236328125e+02 2.007559967041015625e+02
2.879865417480468750e+02 3.586113586425781250e+02 3.092206420898437500e+02 3.550723571777343750e+02
2.145924224853515625e+02 3.315612792968750000e+02 2.349358062744140625e+02 3.281079711914062500e+02
5.371027832031250000e+02 2.985473632812500000e+02 5.711241455078125000e+02 2.944839782714843750e+02
4.047260742187500000e+02 7.552442169189453125e+01 4.359517211914062500e+02 8.359758758544921875e+01
1.786147155761718750e+02 2.405225372314453125e+02 1.918861541748046875e+02 2.361350402832031250e+02
1.749380493164062500e+02 3.618683471679687500e+02 1.978287353515625000e+02 3.577828674316406250e+02
1.261697769165039062e+02 3.135870170593261719e+01 1.441474456787109375e+02 3.071974945068359375e+01
2.011397857666015625e+02 2.010506439208984375e+02 2.394454650878906250e+02 2.041630249023437500e+02
2.855111083984375000e+02 4.427818908691406250e+02 3.551051330566406250e+02 4.332152404785156250e+02
8.601079559326171875e+01 3.389894104003906250e+02 1.123010940551757812e+02 3.346981506347656250e+02
5.000689086914062500e+02 4.850045471191406250e+02 1.110844192504882812e+02 4.666364135742187500e+02
3.642819213867187500e+02 2.585578308105468750e+02 3.887671508789062500e+02 3.044659423828125000e+02
5.881923217773437500e+02 2.655407714843750000e+02 5.711403808593750000e+02 2.691826782226562500e+02
2.421442565917968750e+02 4.567115173339843750e+02 3.229130554199218750e+02 4.459782714843750000e+02
2.873708190917968750e+02 4.479913635253906250e+02 3.559266357421875000e+02 4.376419372558593750e+02
2.847026367187500000e+02 4.357201232910156250e+02 3.493265075683593750e+02 4.256099243164062500e+02
3.842482604980468750e+02 1.639094390869140625e+02 4.114113769531250000e+02 1.694633941650390625e+02
2.761876831054687500e+02 3.168684577941894531e+01 3.383569030761718750e+02 4.390902328491210938e+01
5.696639404296875000e+02 3.089833984375000000e+02 6.695521240234375000e+02 3.128284301757812500e+02
2.540195007324218750e+02 3.256258850097656250e+02 2.750772705078125000e+02 3.233452148437500000e+02
5.085952148437500000e+02 1.655924072265625000e+02 5.451270751953125000e+02 1.750303955078125000e+02
3.944405212402343750e+02 7.331551361083984375e+01 3.989508056640625000e+02 7.214727020263671875e+01
2.278668823242187500e+02 3.311688842773437500e+02 2.488233489990234375e+02 3.282494506835937500e+02
1.706599273681640625e+02 2.785911254882812500e+02 1.326387481689453125e+02 2.747436523437500000e+02
2.250660552978515625e+02 2.560398559570312500e+02 2.494202880859375000e+02 2.815206909179687500e+02
1.725352630615234375e+02 2.234917449951171875e+02 1.865751495361328125e+02 2.195893554687500000e+02
2.669935607910156250e+02 1.798371887207031250e+01 3.298110656738281250e+02 2.906773948669433594e+01
6.993148040771484375e+01 2.827544975280761719e+01 8.993580627441406250e+01 2.981379890441894531e+01
1.735085868835449219e+01 2.309649467468261719e+01 6.379158782958984375e+01 2.313097953796386719e+01
3.180786743164062500e+02 7.345024108886718750e+00 2.378060302734375000e+02 3.350409851074218750e+02
4.209963378906250000e+02 3.701623153686523438e+01 4.556192626953125000e+02 4.913268280029296875e+01
1.522353820800781250e+02 1.940847778320312500e+02 1.675566558837890625e+02 1.901690063476562500e+02
5.597028198242187500e+02 2.391618652343750000e+02 5.970262451171875000e+02 2.450587310791015625e+02
2.811405944824218750e+02 2.811630439758300781e+01 3.431375427246093750e+02 4.015969467163085938e+01
3.087472839355468750e+02 2.986530761718750000e+02 3.251557312011718750e+02 2.956245422363281250e+02
2.593799438476562500e+02 2.621582946777343750e+02 2.264970397949218750e+02 2.581441040039062500e+02
5.863096923828125000e+02 1.866244201660156250e+02 6.197431030273437500e+02 2.208587799072265625e+02
1.985363922119140625e+02 2.021463775634765625e+02 1.373384399414062500e+02 1.914359893798828125e+02
3.589021301269531250e+02 4.268952560424804688e+01 4.097572631835937500e+02 5.556010055541992188e+01
5.583687744140625000e+02 1.704809265136718750e+02 5.964427490234375000e+02 1.825457458496093750e+02
3.960594787597656250e+02 4.089293212890625000e+02 4.455691833496093750e+02 3.998656005859375000e+02
4.121968460083007812e+01 2.864177322387695312e+01 1.344925231933593750e+02 3.077872276306152344e+01
6.166668090820312500e+02 1.446327667236328125e+02 6.527935791015625000e+02 1.623666076660156250e+02
1.221391983032226562e+02 2.838912658691406250e+02 1.388213500976562500e+02 2.808761901855468750e+02
4.389555969238281250e+02 1.081156082153320312e+02 4.740299072265625000e+02 1.191549377441406250e+02
8.647594451904296875e+01 3.545643005371093750e+02 1.202211303710937500e+02 3.505328369140625000e+02
5.444356689453125000e+02 2.443279876708984375e+02 5.815497436523437500e+02 2.495596313476562500e+02
8.568621826171875000e+01 1.395226955413818359e+01 1.081315612792968750e+02 7.765381813049316406e+00
6.367053222656250000e+02 3.105196838378906250e+02 6.695521240234375000e+02 3.128284301757812500e+02
6.293771362304687500e+01 3.414985351562500000e+02 7.060699462890625000e+01 3.398970947265625000e+02
6.098115844726562500e+02 1.278104553222656250e+02 5.872207031250000000e+02 1.578243408203125000e+02
6.829301147460937500e+02 2.311078338623046875e+02 6.420263061523437500e+02 2.456697998046875000e+02
6.290420532226562500e+02 2.373178863525390625e+02 6.650174560546875000e+02 2.446525421142578125e+02
3.665428771972656250e+02 1.679268798828125000e+02 3.906612548828125000e+02 1.730715484619140625e+02
2.995108947753906250e+02 2.957196350097656250e+02 3.131677856445312500e+02 2.928407287597656250e+02
6.894938964843750000e+02 2.946985168457031250e+02 6.688916625976562500e+02 2.887780151367187500e+02
2.846689147949218750e+02 4.426443481445312500e+02 3.551051330566406250e+02 4.332152404785156250e+02
5.353653564453125000e+02 2.599148254394531250e+02 4.364522705078125000e+02 2.511191253662109375e+02
5.358599243164062500e+02 1.093743438720703125e+02 4.173580322265625000e+02 2.398810729980468750e+02
1.444805755615234375e+02 1.460162067413330078e+01 1.649135131835937500e+02 1.165417480468750000e+01
6.045275268554687500e+02 2.386951293945312500e+02 5.815497436523437500e+02 2.495596313476562500e+02
6.292096557617187500e+02 2.275580749511718750e+02 6.651089477539062500e+02 2.365488433837890625e+02
1.958548126220703125e+02 2.004086303710937500e+02 1.608135223388671875e+02 1.884967193603515625e+02
7.190966796875000000e+01 3.404720764160156250e+02 1.014264373779296875e+02 3.361191711425781250e+02
1.985363922119140625e+02 2.021463775634765625e+02 1.572960510253906250e+02 2.179028167724609375e+02
6.030087280273437500e+02 3.054648742675781250e+02 6.401777343750000000e+02 3.064159545898437500e+02
5.551552124023437500e+02 2.412901000976562500e+02 4.524816894531250000e+01 3.034809494018554688e+01
6.299519042968750000e+02 2.259188995361328125e+02 7.151638793945312500e+02 2.444880065917968750e+02
4.366063232421875000e+02 1.099195480346679688e+02 4.723877258300781250e+02 1.203233642578125000e+02
3.180786743164062500e+02 7.345024108886718750e+00 2.378060302734375000e+02 3.350409851074218750e+02
1.825920104980468750e+01 3.627670593261718750e+02 6.009247970581054688e+01 3.579575805664062500e+02
1.667311859130859375e+02 1.974269104003906250e+02 1.608135223388671875e+02 1.884967193603515625e+02
2.511376342773437500e+02 4.144076538085937500e+01 3.141769409179687500e+02 5.121789169311523438e+01
1.391783599853515625e+02 1.974742317199707031e+01 1.596249847412109375e+02 1.918471527099609375e+01
3.102762145996093750e+02 6.408864974975585938e+00 2.378060302734375000e+02 3.350409851074218750e+02
4.608908462524414062e+01 2.213799591064453125e+02 1.918861541748046875e+02 2.361350402832031250e+02
1.958548126220703125e+02 2.004086303710937500e+02 2.526473083496093750e+02 2.045253295898437500e+02
1.548994293212890625e+02 3.728458786010742188e+01 1.711086883544921875e+02 3.821811294555664062e+01
5.009074401855468750e+01 2.213238677978515625e+02 2.661954650878906250e+02 2.849231262207031250e+02
6.040623168945312500e+02 2.316876068115234375e+02 5.814818725585937500e+02 2.440451812744140625e+02
1.117370071411132812e+02 3.450952148437500000e+02 1.440952453613281250e+02 3.391986389160156250e+02
3.873753967285156250e+02 3.603157043457031250e+02 4.159326171875000000e+02 3.573706970214843750e+02
3.991363220214843750e+02 3.781480712890625000e+02 6.085762329101562500e+02 4.706660766601562500e+02
2.853678283691406250e+02 4.507584228515625000e+02 6.302149047851562500e+02 9.751528930664062500e+01
2.975953369140625000e+02 9.833153724670410156e+00 3.547847595214843750e+02 2.224062156677246094e+01
3.273467407226562500e+02 5.955633163452148438e+00 2.403293304443359375e+02 3.341715698242187500e+02
1.209711227416992188e+02 4.308712768554687500e+01 3.713930664062500000e+02 7.644813537597656250e+01
2.249298095703125000e+02 3.371894531250000000e+02 2.606636962890625000e+02 3.420114440917968750e+02
6.809164428710937500e+02 2.344077758789062500e+02 7.151638793945312500e+02 2.444880065917968750e+02
5.696639404296875000e+02 3.089833984375000000e+02 6.701374511718750000e+02 3.120386657714843750e+02
4.139244079589843750e+00 4.085287475585937500e+02 5.347328948974609375e+01 4.045076293945312500e+02
4.405832519531250000e+02 2.094016456604003906e+01 4.730780944824218750e+02 3.370333099365234375e+01
2.594281921386718750e+02 2.551205596923828125e+02 2.360717163085937500e+02 2.584287109375000000e+02
7.693663024902343750e+01 3.541157531738281250e+02 1.114436340332031250e+02 3.500449829101562500e+02
5.629939575195312500e+02 2.431424865722656250e+02 6.006760253906250000e+02 2.490791015625000000e+02
2.616737670898437500e+02 4.547170410156250000e+02 4.632808227539062500e+02 3.955054626464843750e+02
5.863096923828125000e+02 1.866244201660156250e+02 6.197431030273437500e+02 2.208587799072265625e+02
1.221391983032226562e+02 2.838912658691406250e+02 1.388213500976562500e+02 2.808761901855468750e+02
6.339010620117187500e+02 1.497612152099609375e+02 3.239643554687500000e+02 3.620514831542968750e+02
2.454285278320312500e+02 3.400154113769531250e+01 3.097428283691406250e+02 4.383191299438476562e+01
2.169453430175781250e+02 2.033628845214843750e+02 2.356205444335937500e+02 2.824978637695312500e+02
4.906820068359375000e+02 4.638341674804687500e+02 5.018347167968750000e+02 4.312729492187500000e+02
6.500620365142822266e+00 3.844914855957031250e+02 5.444758224487304688e+01 3.833382263183593750e+02
1.390367279052734375e+02 2.838462219238281250e+02 7.151638793945312500e+02 2.444880065917968750e+02
3.642819213867187500e+02 2.585578308105468750e+02 3.887671508789062500e+02 3.044659423828125000e+02
4.349050903320312500e+02 8.105393981933593750e+01 6.302149047851562500e+02 9.751528930664062500e+01
9.380781555175781250e+01 2.246892356872558594e+01 3.504227294921875000e+02 4.224912414550781250e+02
4.069237060546875000e+02 2.168608551025390625e+02 2.986899108886718750e+02 2.388744201660156250e+02
1.332766876220703125e+02 2.335133171081542969e+01 1.521257476806640625e+02 2.417132377624511719e+01
6.773483886718750000e+02 3.148494873046875000e+02 6.861058349609375000e+02 3.139643859863281250e+02
2.585228576660156250e+02 3.223722839355468750e+02 3.713930664062500000e+02 7.644813537597656250e+01
5.602142333984375000e+02 1.478256683349609375e+02 5.451270751953125000e+02 1.750303955078125000e+02
2.519624633789062500e+02 3.685017013549804688e+01 4.020391235351562500e+02 6.481456279754638672e+00
3.480936584472656250e+02 6.091841888427734375e+01 4.524816894531250000e+01 3.034809494018554688e+01
5.911638183593750000e+02 2.934089660644531250e+02 5.711241455078125000e+02 2.944839782714843750e+02
6.019217529296875000e+02 1.910732727050781250e+02 6.449984741210937500e+02 2.898515014648437500e+02
5.536058349609375000e+02 8.600658416748046875e+01 6.369205322265625000e+02 1.560087890625000000e+02
2.511622619628906250e+02 3.979920148849487305e+00 5.161970825195312500e+02 4.423748474121093750e+02
2.001597595214843750e+02 3.182047729492187500e+02 2.181629028320312500e+02 3.147817687988281250e+02
2.845503234863281250e+02 3.477014770507812500e+02 3.051498718261718750e+02 3.444110107421875000e+02
5.258549804687500000e+02 9.930296325683593750e+01 8.993580627441406250e+01 2.981379890441894531e+01
2.587678222656250000e+02 2.632863464355468750e+02 2.670856933593750000e+02 2.612768554687500000e+02
6.509058227539062500e+02 2.005142593383789062e+01 6.679646606445312500e+02 6.133515167236328125e+01
3.161085815429687500e+02 3.167052612304687500e+02 4.163538208007812500e+02 1.812604904174804688e+01
1.445059814453125000e+02 1.920735626220703125e+02 2.526473083496093750e+02 2.045253295898437500e+02
3.877584838867187500e+02 2.738758544921875000e+02 3.907172851562500000e+02 2.895666198730468750e+02
1.543070526123046875e+02 1.952110595703125000e+02 1.675566558837890625e+02 1.901690063476562500e+02
2.198220367431640625e+02 4.655395812988281250e+02 3.059813842773437500e+02 4.528773498535156250e+02
4.079595947265625000e+02 1.111835193634033203e+01 4.371729125976562500e+02 2.286759948730468750e+01
2.290893096923828125e+02 3.314405822753906250e+02 2.523692626953125000e+02 3.274467163085937500e+02
1.389230957031250000e+02 3.331103820800781250e+02 3.080899353027343750e+02 4.997227859497070312e+01
6.799719238281250000e+02 2.361563110351562500e+02 7.151638793945312500e+02 2.444880065917968750e+02
6.878845214843750000e+02 2.990608215332031250e+02 7.137066650390625000e+02 2.014795074462890625e+02
2.597787475585937500e+02 2.364954833984375000e+02 2.264970397949218750e+02 2.581441040039062500e+02
6.586284790039062500e+02 3.154703369140625000e+02 6.923059082031250000e+02 3.143774414062500000e+02
6.803736572265625000e+02 1.908191986083984375e+02 6.389387207031250000e+02 1.989598693847656250e+02
2.757507019042968750e+02 3.883407211303710938e+01 3.383218383789062500e+02 4.895787048339843750e+01
2.594239196777343750e+02 2.371773986816406250e+02 2.670856933593750000e+02 2.612768554687500000e+02
7.958765411376953125e+01 1.032914352416992188e+01 1.024176940917968750e+02 3.975828409194946289e+00
2.847026367187500000e+02 4.357201232910156250e+02 3.887760925292968750e+02 6.221421813964843750e+01
6.346998291015625000e+02 3.144165344238281250e+02 6.695521240234375000e+02 3.128284301757812500e+02
1.201931228637695312e+02 3.346725845336914062e+01 6.800947265625000000e+02 2.153859710693359375e+02
4.114013366699218750e+02 6.632701873779296875e+00 4.412218933105468750e+02 1.456618499755859375e+01
2.289373168945312500e+02 2.504879150390625000e+02 2.384261779785156250e+02 2.495329895019531250e+02
1.887562866210937500e+02 2.634743957519531250e+02 2.000740509033203125e+02 2.611672668457031250e+02
3.159633827209472656e+01 2.726139831542968750e+01 2.352884216308593750e+02 3.344662475585937500e+02
1.550967407226562500e+02 3.187694740295410156e+01 1.715214538574218750e+02 3.328568267822265625e+01
1.718266296386718750e+02 3.338210449218750000e+02 1.971031188964843750e+02 3.304382019042968750e+02
4.183149719238281250e+02 4.363808898925781250e+02 4.737484130859375000e+02 4.252710876464843750e+02
3.102762145996093750e+02 6.408864974975585938e+00 2.378060302734375000e+02 3.350409851074218750e+02
1.900746002197265625e+02 2.731713867187500000e+02 1.934416046142578125e+02 3.425895385742187500e+02
6.040623168945312500e+02 2.316876068115234375e+02 5.814818725585937500e+02 2.440451812744140625e+02
5.276711425781250000e+02 2.460150909423828125e+02 5.534780883789062500e+02 1.901863555908203125e+02
5.256909790039062500e+02 1.802218627929687500e+02 5.534780883789062500e+02 1.901863555908203125e+02
6.632753906250000000e+02 1.349950027465820312e+01 6.937513427734375000e+02 1.292833709716796875e+02
5.901755371093750000e+02 1.175343017578125000e+02 4.487902221679687500e+02 8.850395202636718750e+01
2.156791534423828125e+02 2.404722442626953125e+02 2.273562622070312500e+02 2.429441833496093750e+02
2.109046478271484375e+02 4.135562896728515625e+01 2.852840576171875000e+02 5.030134963989257812e+01
2.989938049316406250e+02 6.010344314575195312e+01 2.881938171386718750e+02 5.646062469482421875e+01
4.054215698242187500e+02 6.984904479980468750e+01 2.606636962890625000e+02 3.420114440917968750e+02
4.874122314453125000e+02 1.039600143432617188e+02 7.612209320068359375e+00 2.881382942199707031e+01
1.121358299255371094e+01 4.037447204589843750e+02 3.962613525390625000e+02 1.607978515625000000e+02
6.251939697265625000e+02 1.647758331298828125e+02 1.782759094238281250e+02 2.819558105468750000e+02
6.273770523071289062e+01 2.137455596923828125e+02 1.419020843505859375e+02 2.193140716552734375e+02
1.337089538574218750e+02 1.425830554962158203e+01 1.530396118164062500e+02 1.070982933044433594e+01
6.094644165039062500e+02 3.128070678710937500e+02 8.069785308837890625e+01 2.801833190917968750e+02
2.367352752685546875e+02 4.575047302246093750e+02 8.783625602722167969e+00 3.493775558471679688e+01
1.068608245849609375e+02 2.829960937500000000e+02 1.236721038818359375e+02 2.788707885742187500e+02
1.209711227416992188e+02 4.308712768554687500e+01 3.713930664062500000e+02 7.644813537597656250e+01
5.034681701660156250e+01 2.996928024291992188e+01 3.540096740722656250e+02 5.964875411987304688e+01
3.065303955078125000e+02 3.409301376342773438e+01 4.097572631835937500e+02 5.556010055541992188e+01
3.494333496093750000e+02 5.460820198059082031e+00 3.482377624511718750e+02 5.718857192993164062e+01
5.829381713867187500e+02 2.059604187011718750e+02 6.599403076171875000e+02 7.664341735839843750e+01
5.404894409179687500e+02 1.753969879150390625e+02 4.437637634277343750e+02 3.653784179687500000e+02
2.846689147949218750e+02 4.426443481445312500e+02 3.551051330566406250e+02 4.332152404785156250e+02
5.353653564453125000e+02 2.599148254394531250e+02 4.364522705078125000e+02 2.511191253662109375e+02
6.533063354492187500e+02 3.148673095703125000e+02 7.134117431640625000e+02 3.154040222167968750e+02
2.423985900878906250e+02 4.599317626953125000e+02 3.288588562011718750e+02 5.544052886962890625e+01
3.718826599121093750e+02 2.547510719299316406e+01 3.781814575195312500e+02 6.633645629882812500e+01
1.278720855712890625e+02 3.573018798828125000e+02 1.528510284423828125e+02 3.541627502441406250e+02
4.780595397949218750e+02 4.526552734375000000e+02 5.358071899414062500e+02 4.382546997070312500e+02
2.169453430175781250e+02 2.033628845214843750e+02 2.286333160400390625e+02 2.011868133544921875e+02
1.904912109375000000e+02 2.357536315917968750e+02 1.751050415039062500e+02 1.987996368408203125e+02
6.009166259765625000e+02 1.780101165771484375e+02 6.389387207031250000e+02 1.989598693847656250e+02
3.995078125000000000e+02 3.055940437316894531e+01 3.840540771484375000e+02 2.758645439147949219e+01
3.434199523925781250e+01 2.043216857910156250e+02 4.794565124511718750e+02 3.533605194091796875e+01
